pfki1f =    -0.002408138848 ;
pfki2f =      0.03995031162 ;
pfki3f =      -0.3212825118 ;
pfki1d =     0.002337726222 ;
pfki2d =     -0.04509863908 ;
pfki3d =       0.1627621306 ;
